uu_ii=3_2_0.03_0.07_topk=5_t=0.6_regs=0.001_dim=64_:{'precision': array([0.00553736, 0.00409145]), 'recall': array([0.05457342, 0.0807219 ]), 'ndcg': array([0.02981504, 0.03643753]), 'hit_ratio': array([0.05527204, 0.08170208]), 'auc': 0.0}
uu_ii=3_2_0.03_0.07_topk=10_t=0.6_regs=0.001_dim=64_:{'precision': array([0.00555005, 0.00427171]), 'recall': array([0.05481885, 0.08433239]), 'ndcg': array([0.0299542 , 0.03747494]), 'hit_ratio': array([0.05544977, 0.08530733]), 'auc': 0.0}
